Polynomial estimation:
D:\my\GitHub\Bayer\out\build\x64-Performance\CAcorr.exe ../../../data/_MG_7626.pgm ../../../data/_MG_7626_polyR.txt ../../../data/_MG_7626_polyB.txt R:/Temp/main_correction.ppm R:/Temp/matrix_correction.ppm R:/Temp/Poly_Before_redefine.txt
Polynomial estimation...
de-Bayer into separate red, green, blue planes... done
imageR 2817x1876 imageG 5634x3752 imageB 2817x1876

finding connected components:
channel R: 1%.....20%.....40%.....60%.....80%.....100% number = 962
channel G: 1%.....20%.....40%.....60%.....80%.....100% number = 962
channel B: 1%.....20%.....40%.....60%.....80%.....100% number = 962
RGB spot centers initialization is done;  begin matching... done.
mpinvert matA : 10 x 10 Matrix:
  row[0]: 962,  484.604,  474.837,  307.816,  304.178,  219.217,  219.524,  240.404,  153.607,  154.457;
  row[1]: 484.604,  307.816,  240.404,  219.217,  154.457,  166.533,  111.888,  153.607,  109.866,  99.0641;
  row[2]: 474.837,  240.404,  304.178,  153.607,  219.524,  109.866,  169.197,  154.457,  99.0641,  111.888;
  row[3]: 307.816,  219.217,  153.607,  166.533,  99.0641,  131.819,  72.0201,  109.866,  83.7317,  71.063;
  row[4]: 304.178,  154.457,  219.524,  99.0641,  169.197,  71.063,  135.93,  111.888,  72.0201,  86.6048;
  row[5]: 219.217,  166.533,  109.866,  131.819,  71.063,  107.349,  51.8019,  83.7317,  66.449,  54.2842;
  row[6]: 219.524,  111.888,  169.197,  72.0201,  135.93,  51.8019,  112.364,  86.6048,  55.9433,  69.8951;
  row[7]: 240.404,  153.607,  154.457,  109.866,  111.888,  83.7317,  86.6048,  99.0641,  71.063,  72.0201;
  row[8]: 153.607,  109.866,  99.0641,  83.7317,  72.0201,  66.449,  55.9433,  71.063,  54.2842,  51.8019;
  row[9]: 154.457,  99.0641,  111.888,  71.063,  86.6048,  54.2842,  69.8951,  72.0201,  51.8019,  55.9433;

mpinvert matL : 10 x 10 Matrix:
  row[0]: 31.0161,  0,  0,  0,  0,  0,  0,  0,  0,  0;
  row[1]: 15.6243,  7.98115,  0,  0,  0,  0,  0,  0,  0,  0;
  row[2]: 15.3094,  0.15119,  8.35336,  0,  0,  0,  0,  0,  0,  0;
  row[3]: 9.92439,  8.03841,  0.0544914,  1.84947,  0,  0,  0,  0,  0,  0;
  row[4]: 9.8071,  0.153865,  8.30327,  0.0245053,  2.01223,  0,  0,  0,  0,  0;
  row[5]: 7.06784,  7.02947,  0.0716956,  2.79274,  0.00134613,  0.420629,  0,  0,  0,  0;
  row[6]: 7.07774,  0.163294,  7.28048,  0.0370543,  3.0019,  0.000502602,  0.474043,  0,  0,  0;
  row[7]: 7.75094,  4.0726,  4.21135,  -0.0130747,  0.138711,  0.131989,  0.00839627,  2.15143,  0,  0;
  row[8]: 4.95248,  4.07047,  2.70901,  0.926576,  0.153047,  0.119686,  0.0200008,  2.16861,  0.500046,  0;
  row[9]: 4.97988,  2.66342,  4.21939,  0.000640265,  1.15393,  0.13996,  0.0645675,  2.15016,  0.01851,  0.517814;

inv matLU before : 10 x 10 Matrix:
  row[0]: 1844.62,  324.127,  328.963,  43.0868,  48.5699,  5.28926,  3.84082,  38.1231,  2.56864,  2.57865;
  row[1]: 324.127,  218.05,  44.0875,  38.2282,  5.07055,  4.35437,  0.364987,  23.3159,  2.08472,  1.37916;
  row[2]: 328.963,  44.0875,  234.614,  3.232,  44.4311,  1.50444,  3.81324,  24.0076,  1.43273,  2.18486;
  row[3]: 43.0868,  38.2282,  3.232,  12.0806,  0.305038,  1.28399,  0.0360292,  1.98263,  0.463342,  0.000331538;
  row[4]: 48.5699,  5.07055,  44.4311,  0.305038,  14.4347,  0.200204,  1.50176,  3.11145,  0.0978898,  0.597519;
  row[5]: 5.28926,  4.35437,  1.50444,  1.28399,  0.200204,  0.228263,  0.0127772,  0.844454,  0.0624391,  0.0724732;
  row[6]: 3.84082,  0.364987,  3.81324,  0.0360292,  1.50176,  0.0127772,  0.229356,  0.200268,  0.0111965,  0.0334339;
  row[7]: 38.1231,  23.3159,  24.0076,  1.98263,  3.11145,  0.844454,  0.200268,  13.9547,  1.12421,  1.11338;
  row[8]: 2.56864,  2.08472,  1.43273,  0.463342,  0.0978898,  0.0624391,  0.0111965,  1.12421,  0.250388,  0.00958474;
  row[9]: 2.57865,  1.37916,  2.18486,  0.000331538,  0.597519,  0.0724732,  0.0334339,  1.11338,  0.00958474,  0.268131;

inv matLU after : 10 x 10 Matrix:
  row[0]: 1844.62,  324.127,  328.963,  43.0868,  48.5699,  5.28926,  3.84082,  38.1231,  2.56864,  2.57865;
  row[1]: 0.175715,  161.096,  -13.7162,  30.6572,  -3.4639,  3.42497,  -0.309904,  16.6171,  1.63337,  0.926047;
  row[2]: 0.178336,  -0.0851431,  174.78,  -1.8417,  35.4744,  0.85279,  3.10189,  18.6237,  1.11372,  1.80384;
  row[3]: 0.0233581,  0.190304,  -0.0105372,  5.22062,  0.203535,  0.517641,  0.0379761,  -1.87391,  0.104242,  -0.217124;
  row[4]: 0.0263306,  -0.0215021,  0.202966,  0.0389867,  5.87331,  -0.0586893,  0.762908,  -1.24196,  -0.164734,  0.19188;
  row[5]: 0.0028674,  0.0212604,  0.00487922,  0.0991532,  -0.00999254,  0.0842076,  -0.00292421,  0.464378,  0.00293151,  0.0600356;
  row[6]: 0.00208218,  -0.00192372,  0.0177474,  0.00727425,  0.129894,  -0.0347262,  0.066237,  0.0134152,  0.00996617,  -0.0234272;
  row[7]: 0.0206672,  0.103151,  0.106555,  -0.358945,  -0.211459,  5.51467,  0.202534,  5.96943,  0.768361,  0.408665;
  row[8]: 0.00139251,  0.0101391,  0.00637213,  0.0199674,  -0.028048,  0.0348129,  0.150462,  0.128716,  0.11595,  -0.0563392;
  row[9]: 0.00139793,  0.00574842,  0.0103206,  -0.0415897,  0.0326699,  0.712947,  -0.353687,  0.0684596,  -0.485892,  0.118847;

inv matLU_inv : 10 x 10 Matrix:
  row[0]: 0.000542117,  -0.00109075,  -0.00110595,  0.00154087,  0.00150007,  0.0130859,  -0.00233015,  0.00280757,  -0.00401099,  -0.00470954;
  row[1]: -0.175715,  0.00620748,  0.000487145,  -0.0362805,  0.00197594,  -0.0330088,  0.00281501,  -0.0272161,  0.124246,  0.0444788;
  row[2]: -0.193297,  0.0851431,  0.00572148,  0.00201839,  -0.0346273,  -0.0944841,  0.125566,  -0.0173529,  0.00062088,  0.105198;
  row[3]: 0.0080443,  -0.189407,  0.0105372,  0.191548,  -0.00663795,  -1.18211,  -0.0855541,  0.150901,  -1.14437,  -0.120432;
  row[4]: 0.0088104,  0.0116053,  -0.203377,  -0.0389867,  0.170262,  0.118666,  -1.95581,  0.0305877,  0.20431,  -0.728689;
  row[5]: 0.00110193,  -0.0027796,  -0.00795627,  -0.0995428,  0.00999254,  11.8754,  0.524272,  -0.924997,  5.78434,  0.0272127;
  row[6]: -0.000154342,  0.000186458,  0.00831711,  -0.00566685,  -0.129547,  0.0347262,  15.0973,  -0.0339285,  -1.07282,  2.58408;
  row[7]: 0.0167596,  -0.162465,  -0.103587,  0.900795,  0.182591,  -5.52171,  -0.202534,  0.16752,  -1.1101,  -1.10227;
  row[8]: -0.000465074,  0.0144063,  7.1991e-05,  -0.13269,  0.0236897,  0.670694,  -0.124393,  -0.128716,  8.62441,  4.08837;
  row[9]: -0.000559717,  0.00528618,  0.0125025,  -0.0143131,  -0.0866027,  0.00323416,  0.307111,  -0.131002,  0.485892,  8.41416;

inv matLU final : 10 x 10 Matrix:
  row[0]: 0.0010395,  -0.00203497,  -0.00186828,  0.00332166,  0.00275818,  -0.00520299,  -0.00384619,  0.00394081,  -0.00629932,  -0.00470954;
  row[1]: -0.00203497,  0.0196826,  0.00337329,  -0.0747266,  -0.00459663,  0.200843,  0.00653181,  -0.0490353,  0.145858,  0.0444788;
  row[2]: -0.00186828,  0.00337329,  0.017694,  -0.00515741,  -0.0641024,  0.00645046,  0.161311,  -0.0312139,  0.0517357,  0.105198;
  row[3]: 0.00332166,  -0.0747266,  -0.00515741,  0.599463,  0.00350623,  -2.78623,  -0.0107514,  0.313977,  -1.20289,  -0.120432;
  row[4]: 0.00275818,  -0.00459663,  -0.0641024,  0.00350623,  0.498349,  0.0165242,  -2.21121,  0.0997492,  -0.149755,  -0.728689;
  row[5]: -0.00520299,  0.200843,  0.00645046,  -2.78623,  0.0165242,  20.8808,  0.000441379,  -1.6731,  5.79756,  0.0272127;
  row[6]: -0.00384619,  0.00653181,  0.161311,  -0.0107514,  -2.21121,  0.000441379,  16.0312,  -0.234359,  0.18277,  2.58408;
  row[7]: 0.00394081,  -0.0490353,  -0.0312139,  0.313977,  0.0997492,  -1.6731,  -0.234359,  0.454807,  -1.64568,  -1.10227;
  row[8]: -0.00629932,  0.145858,  0.0517357,  -1.20289,  -0.149755,  5.79756,  0.18277,  -1.64568,  10.6109,  4.08837;
  row[9]: -0.00470954,  0.0444788,  0.105198,  -0.120432,  -0.728689,  0.0272127,  2.58408,  -1.10227,  4.08837,  8.41416;

mpinvert matLM : 10 x 10 Matrix:
  row[0]: 0.0322413,  -0.0631169,  -0.0579469,  0.103025,  0.085548,  -0.161376,  -0.119294,  0.122229,  -0.195381,  -0.146072;
  row[1]: 6.93889e-18,  0.125295,  -0.00226775,  -0.544506,  0.00640807,  1.52167,  -0.00796251,  -0.329786,  1.06569,  0.281409;
  row[2]: -5.20417e-18,  1.73472e-17,  0.119712,  -0.00352711,  -0.493939,  0.00459393,  1.28959,  -0.207823,  0.35778,  0.813379;
  row[3]: 0,  5.55112e-17,  0,  0.540694,  -0.00658468,  -3.58988,  0.00323979,  0.223935,  -1.11194,  0.0937947;
  row[4]: -6.07153e-18,  3.46945e-18,  2.77556e-17,  1.04951e-16,  0.496961,  -0.00159042,  -3.14703,  -0.0196617,  0.0594222,  -0.635098;
  row[5]: 3.90313e-18,  -2.77556e-17,  -1.34441e-17,  0,  5.20417e-18,  2.37739,  -0.00252062,  -0.145842,  0.0635638,  -0.0389523;
  row[6]: -2.1684e-19,  1.30104e-18,  1.38778e-17,  6.15827e-17,  0,  -3.04688e-16,  2.10951,  -0.00823269,  -0.0486726,  -0.227116;
  row[7]: 1.73472e-18,  -4.16334e-17,  0,  0,  2.22045e-16,  -4.44089e-16,  -7.77156e-16,  0.464808,  -2.01579,  -1.858;
  row[8]: 2.1684e-18,  -1.38778e-17,  3.46945e-18,  2.22045e-16,  4.16334e-17,  0,  -1.38778e-16,  1.11022e-16,  1.99982,  -0.0714865;
  row[9]: -1.73472e-18,  3.1225e-17,  2.77556e-17,  -2.56739e-16,  -5.55112e-17,  9.61037e-16,  -4.44089e-16,  -3.33067e-16,  1.77636e-15,  1.9312;

mpinvert matLMM : 10 x 10 Matrix:
  row[0]: 0.00454723,  -0.0837742,  -0.0568878,  0.809085,  0.456097,  -5.00978,  -2.55447,  0.882003,  -3.97805,  -2.55905;
  row[1]: -0.0192664,  0.532809,  0.106343,  -5.9947,  -0.353943,  40.0538,  0.864408,  -4.9344,  22.4939,  7.17535;
  row[2]: -0.0134851,  0.110838,  0.352416,  -0.624706,  -3.77233,  2.54303,  24.0012,  -1.9439,  7.81052,  12.2412;
  row[3]: 0.0278887,  -0.93035,  -0.0796503,  11.7228,  0.0526391,  -83.2849,  0.0457624,  8.00294,  -33.2452,  -4.15331;
  row[4]: 0.0160223,  -0.0417767,  -0.60264,  0.0388437,  7.65832,  0.333731,  -53.1754,  1.38308,  -2.59246,  -13.5736;
  row[5]: -0.0131515,  0.492157,  0.0186718,  -6.74149,  0.0491757,  50.2533,  -0.0942183,  -4.10502,  14.5379,  0.151061;
  row[6]: -0.00676982,  -0.00301846,  0.314134,  0.0606346,  -4.49261,  -0.273658,  33.2242,  -0.167686,  -1.04589,  3.35025;
  row[7]: 0.0232802,  -0.399453,  -0.314254,  2.79447,  1.70214,  -12.5149,  -5.27858,  5.57677,  -29.7506,  -24.3872;
  row[8]: -0.0122608,  0.288509,  0.0959417,  -2.39694,  -0.24739,  11.5921,  0.180779,  -3.21227,  20.9276,  7.57451;
  row[9]: -0.00909506,  0.0858973,  0.203158,  -0.232579,  -1.40724,  0.0525531,  4.99037,  -2.1287,  7.89546,  16.2494;

mpinvert matA : 10 x 10 Matrix:
  row[0]: 0.141038,  -0.597568,  -0.418254,  0.865,  0.49695,  -0.40791,  -0.209974,  0.722061,  -0.380283,  -0.282093;
  row[1]: -0.597568,  3.95141,  0.673918,  -6.98953,  -0.0830895,  3.7225,  -0.129864,  -2.82436,  2.11107,  0.543456;
  row[2]: -0.418254,  0.673918,  2.75416,  -0.379047,  -4.79509,  0.0290392,  2.51997,  -2.32907,  0.657349,  1.57079;
  row[3]: 0.865,  -6.98953,  -0.379047,  14.475,  -0.137804,  -8.64157,  0.0378097,  2.17126,  -2.23039,  0.181136;
  row[4]: 0.49695,  -0.0830895,  -4.79509,  -0.137804,  10.5581,  0.0355346,  -6.4972,  1.05109,  0.164234,  -1.2265;
  row[5]: -0.40791,  3.7225,  0.0290392,  -8.64157,  0.0355346,  5.67884,  0.00163626,  -0.123547,  0.129901,  -0.0752246;
  row[6]: -0.209974,  -0.129864,  2.51997,  0.0378097,  -6.4972,  0.00163626,  4.50406,  0.516268,  -0.0811006,  -0.438605;
  row[7]: 0.722061,  -2.82436,  -2.32907,  2.17126,  1.05109,  -0.123547,  0.516268,  7.73163,  -3.8984,  -3.58816;
  row[8]: -0.380283,  2.11107,  0.657349,  -2.23039,  0.164234,  0.129901,  -0.0811006,  -3.8984,  4.00438,  -0.138055;
  row[9]: -0.282093,  0.543456,  1.57079,  0.181136,  -1.2265,  -0.0752246,  -0.438605,  -3.58816,  -0.138055,  3.72952;

Time elapsed - mpinvert(xinv, x): 92 ms
done.
fit d[xy][RB] coefficients to corresponding y columns
writing coefficients to Before_redefine
test_matrix_shift()

Saving spot centers and scaled pixel polynomial values to gnuplot file...  done.

D:\my\GitHub\Bayer\out\build\x64-Performance\CAcorr.exe (process 21968) exited with code 0 (0x0).
Press any key to close this window . . .
